      % SolidWorks中的质量中心；
91.143 -205.970 135.992    
    91.142 -296.330 135.989
	91.105 -271.647 756.073
	91.135 -262 1096.344
	92.831 -239.02 1022.111
	91.135 -240.466 1412.819
	-2.5 -129.644 73.808
	47.997 -240 73.808
	91.135 -261.271 114.697
	-25.752 240 73.808
	-12.199 240 73.808
	91.135 260.752 135.992
	91.135 247.199 135.992
	91.135 173.748 135.992
	91.135 187.301 135.992
	91.135 328.752 135.992
	91.135 315.199 135.992
	91.135 240 48.057
	91.135 240 61.61
	91.135 262 1405.987
	91.219 216 135.994
	91.161 286.5 136.003
	91.108 262 755.982
	91.134 286.5 755.992
	91.135 216.5 755.993
	91.135 237.532 400.193
	87.864 239.0 1465.997
	91.135 216.0 491.379
	91.135 286.5 486.791
	91.143 205.97 135.992
	91.142 296.53 135.995
	91.054 271.647 755.961
	91.135 262 1096.344
	92.831 238.98 1022.111
	91.135 240.466 1412.819
	-2.5 129.644 73.808
	47.997 240 73.808
	91.135 261.271 114.697
	-25.752 -240 73.808
	-12.199 -240 73.808
	91.135 -260.752 135.992
	91.135 -247.199 135.992
	91.135 -173.748 135.992
	91.135 -187.301 135.992
	91.135 -328.752 135.992
	91.135 -315.199 135.992
	91.135 -240 48.057
	91.135 -240 61.61
	91.135 -262 1405.987
	91.219 -216 135.99
	91.161 -286.3 135.981
	91.125 -262 756.019
	91.134 -286.5 755.993
	91.135 -216.5 755.993
	91.135 -237.532 400.193
	87.864 -239 1465.997
	91.135 -216 491.379
	91.135 -286.3 486.791