0 0 0 0 0 0
0 0 0 0 0 0
0 0 0 0 0 0
0 0 0 0 0 0
86495.253 87140.978 910.994 -1.966 -1095.944 12.406
0 0 0 0 0 0
1352.029*11.5 89.002*11.5 1263.878*11.5 0 0 0
0 0 0 0 0 0
0 0 0 0 0 0
0 0 0 0 0 0
0 0 0 0 0 0
0 0 0 0 0 0
51328.338 51619.741 651.668 0 -0.003 739.493
0 0 0 0 0 0
0 0 0 0 0 0
0 0 0 0 0 0
0 0 0 0 0 0
0 0 0 0 0 0
0 0 0 0 0 0
0 0 0 0 0 0
0 0 0 0 0 0
0 0 0 0 0 0
0 0 0 0 0 0
0 0 0 0 0 0
0 0 0 0 0 0
0 0 0 0 0 0
646.974 22644.142 23281.281 0 -0.739 0
0 0 0 0 0 0
0 0 0 0 0 0
0 0 0 0 0 0
0 0 0 0 0 0
0 0 0 0 0 0
0 0 0 0 0 0
86495.253 87140.978 910.994 -1.966 -1095.994 12.406
0 0 0 0 0 0
1352.029*11.5 89.002*11.5 1263.878*11.5 0 0 0
0 0 0 0 0 0
0 0 0 0 0 0
0 0 0 0 0 0
0 0 0 0 0 0
0 0 0 0 0 0
51328.338 51619.741 651.668 0 0.003 -739.493
0 0 0 0 0 0
0 0 0 0 0 0
0 0 0 0 0 0
0 0 0 0 0 0
0 0 0 0 0 0
0 0 0 0 0 0
0 0 0 0 0 0
0 0 0 0 0 0
0 0 0 0 0 0
0 0 0 0 0 0
0 0 0 0 0 0
0 0 0 0 0 0
0 0 0 0 0 0
646.974 22644.142 23281.281 0 -0.739 0
0 0 0 0 0 0
0 0 0 0 0 0