 %πﬂ–‘æÿ’Û,µ•Œª£∫kg*mm^2£ª
16.159 31.379 15.917 -0.006 0.007 0  
16.125 31.379 15.951 0.005 0.085 -0.002
12.544 8.893 12.559 -0.021 0.006 0.056
1014.452 1031.162 17.675 0 0 0
86495.253 87140.978 910.994 -1.966 -1095.944 12.406
5.816 6.316 3.291 0 0 0
1352.029 89.002 1263.878 0 0 0
137.769 425.463 511.163 0 0 0
344.93 284.535 254.451 0 0 -53.387
387.525 227 227 0 0 0
197.426 126.285 126.285 0 0 0
227 387.525 227 0 0 0
126.285 197.426 126.285 0 0 0
227 387.525 227 0 0 0
126.285 197.426 126.285 0 0 0
227 387.525 227 0 0 0
126.285 197.426 126.285 0 0 0
227 227 387.525 0 0 0
126.285 126.285 197.426 0 0 0
22.135 41.555 22.137 0 0 0
0.202 0.234 0.201 0 0 0
1.046 1.59 1.045 0 0 -0.001
1.046 1.59 1.045 0 0 -0.001
304.404 598.383 304.403 0 0 0
304.403 598.383 304.404 0 0 0
51328.338 51619.741 651.668 0 -0.003 739.493
646.974 22644.142 23281.281 0 -0.739 0
1059.412 1106.834 48.409 0 0 0
1098.813 1150.091 52.277 0 0 0
16.159 31.379 15.917 0.006 -0.007 0
16.125 31.379 15.951 -0.005 -0.085 -0.002
12.559 8.893 12.544 0.056 -0.007 0.021
1014.452 1031.162 17.675 0 0 0
86495.253 87140.978 910.994 -1.966 -1095.994 12.406
5.816 6.316 3.291 0 0 -0.348
1352.029 89.002 1263.878 0 0 0
137.769 425.463 511.163 0 0 0
344.93 284.535 254.451 0 0 53.387
387.525 227 227 0 0 0
197.426 126.285 126.285 0 0 0
227 387.525 227 0 0 0
126.285 197.426 126.285 0 0 0
227 387.525 227 0 0 0
126.285 197.426 126.285 0 0 0
227 387.525 227 0 0 0
126.285 197.426 126.285 0 0 0
227 227 387.525 0 0 0
126.285 126.285 197.426 0 0 0
22.135 41.555 22.137 0 0 0
0.202 0.234 0.201 0 0 0
1.046 1.59 1.045 0 0.001 0
1.045 1.59 1.046 0 0 0
304.403 598.383 304.404 0 0 0
304.403 598.383 304.404 0 0 0
51328.338 51619.741 651.668 0 0.003 -739.493
646.974 22644.142 23281.281 0 -0.739 0
1059.412 1106.834 48.409 0 0 0
1098.813 1150.091 52.277 0 0 0